rectangleL = [
 [(907, 412, 704, 98)],
 [(1023, 414, 896, 100), (251, 404, 637, 130)],
 [(75, 402, 1745, 111)],
 [(423, 406, 1496, 120)],
 [(1, 402, 1538, 106)],
 [(538, 408, 1381, 68), (601, 487, 1318, 27)],
 [(659, 409, 1260, 79), (661, 489, 1258, 42)],
 [(56, 351, 1796, 108)],
 [(413, 354, 1506, 107)],
 [(1, 352, 1487, 122)],
 [(1237, 361, 682, 112)],
 [(562, 357, 678, 115)],
 [(1211, 1, 142, 1086)],
 [(594, 158, 187, 492)],
 [(699, 416, 715, 114)],
 [(691, 417, 1228, 109), (1, 407, 601, 105)],
 [(182, 410, 1721, 133)],
 [(356, 412, 1563, 115)],
 [(903, 421, 770, 116)],
 [(848, 491, 1071, 122), (63, 476, 688, 116)],
 [(455, 484, 1464, 130)]]


rectangleR = [
 [(332, 412, 666, 136), (1141, 416, 778, 99)],
 [(439, 413, 1480, 102)],
 [(1, 412, 1170, 95)],
 [(1, 412, 1620, 101)],
 [(1, 412, 933, 134)],
 [(1, 410, 1775, 105)],
 [(102, 411, 1817, 84)],
 [(1, 357, 1174, 116)],
 [(1, 356, 1634, 101)],
 [(1, 357, 867, 113)],
 [(655, 358, 718, 118)],
 [(1, 359, 662, 110)],
 [(546, 1, 126, 1103)],
 [(148, 161, 156, 497)],
 [(913, 429, 1006, 101)],
 [(131, 417, 1788, 112)],
 [(1, 419, 1339, 116)],
 [(1, 419, 1565, 121)],
 [(348, 421, 686, 111)],
 [(256, 490, 1663, 131)],
 [(1, 491, 1800, 142)]]
